Forks
DSC02105.JPG
1.47 2.07 0.09 0.07 0.01 0.10 -0.00
1.51 2.21 0.14 0.12 0.02 0.18 0.00

DSC02138.png
1.46 2.06 0.06 0.05 0.00 0.07 -0.00 0.00
1.49 2.15 0.08 0.06 0.00 0.09 0.00 -0.00
1.64 2.59 0.01 0.00 0.00 0.00 -0.00 0.00 (missing tines)
1.3322 1.7065 0.0807 0.0668 0.0049 0.0873 -0.0000
1.3596 1.7811 0.1022 0.0872 0.0082 0.1164 0.0000
1.4463 2.0207 0.0862 0.0725 0.0057 0.1030 0.0000

Spoons
DSC02105.JPG
1.09 1.10 0.54 0.47 0.24 0.50 -0.00

1.02 0.95 0.47 0.41 0.18 0.40 0.00

DSC02138.png
1.14 1.19 0.53 0.45 0.22 0.49 0.00 -0.01
1.10 1.12 0.54 0.48 0.24 0.50 -0.00 -0.00



Knife
DSC02105.JPG
1.25 1.52 0.07 0.07 0.01 0.09 -0.00

DSC02138.png
1.26 1.55 0.07 0.07 0.01 0.09 0.00 0.00
1.47 2.13 0.20 0.18 0.04 0.27 0.00 -0.01
1.3751 1.8481 0.1331 0.1226 0.0157 0.1657 0.0001
1.1875 1.3768 0.0520 0.0500 0.0025 0.0586 0.0000






Small Blob Upper Left
DSC02105.JPG
0.28 0.04 0.01 0.00 0.00 0.00 -0.00

DSC02138.png
0.30 0.05 0.01 0.00 0.00 0.00 -0.00 -0.00

Flat Blob Bottom
DSC02105.JPG
2.21 4.83 1.76 1.72 2.99 3.78 -0.00
